0 283.5 393.5 491 265
0 296 915.5 342 219
0 634.5 455.5 219 175
0 520 707 336 206
0 283.5 393.5 491 265
0 296 915.5 342 219
0 634.5 455.5 219 175
0 520 707 336 206
0 283.5 393.5 491 265
0 296 915.5 342 219
0 634.5 455.5 219 175
0 520 707 336 206
0 283.5 393.5 491 265
0 296 915.5 342 219
0 634.5 455.5 219 175
0 520 707 336 206
0 283.5 393.5 491 265
0 296 915.5 342 219
0 634.5 455.5 219 175
0 520 707 336 206
0 283.5 393.5 491 265
0 296 915.5 342 219
0 634.5 455.5 219 175
0 520 707 336 206
0 283.5 393.5 491 265
0 296 915.5 342 219
0 634.5 455.5 219 175
0 520 707 336 206
